=================================
# quCR linear Scan Data
=================================
#    Integration Time: 1 s
#  position (mm)         coinc. rates: (s^-1) ch 0 1 2 3 01...
-0.8003   54361.1  66154.4  120  0  1647.78  0  2.22222  0  0  0  0  0  0  0  0
-0.800625   54580  66513.3  98.8889  0  1670  1.11111  0  0  0  0  0  0  0  0  0
-0.800937   54570  67094.4  106.667  0  1617.78  0  0  0  0  0  0  0  0  0  0
-0.80125   53978.9  67003.3  104.444  0  1615.56  0  0  0  0  0  0  0  0  0  0
-0.801562   55050  66446.7  96.6667  0  1726.67  0  0  0  0  0  0  0  0  0  0
-0.801875   54138.9  66488.9  114.444  0  1691.11  0  1.11111  0  0  0  0  0  0  0  0
-0.802188   53692.2  66574.4  107.778  0  1661.11  0  0  0  0  0  0  0  0  0  0
-0.8025   54592.2  66803.3  107.778  0  1662.22  0  0  0  0  0  0  0  0  0  0
-0.802813   54343.3  67013.3  97.7778  0  1676.67  0  0  0  0  0  0  0  0  0  0
-0.803125   54191.1  67377.8  96.6667  0  1716.67  0  0  0  0  0  0  0  0  0  0
-0.803438   54225.6  66915.6  107.778  0  1683.33  0  0  0  0  0  0  0  0  0  0
-0.80375   54185.6  66364.4  100  0  1712.22  0  0  0  0  0  0  0  0  0  0
-0.804063   54767.8  66680  115.556  0  1701.11  0  0  0  0  0  0  0  0  0  0
-0.804375   54192.2  66673.3  102.222  0  1643.33  0  0  0  0  0  0  0  0  0  0
-0.804688   54365.6  66546.7  106.667  0  1670  0  0  0  0  0  0  0  0  0  0
-0.805   54334.4  66206.7  107.778  0  1705.56  0  0  0  0  0  0  0  0  0  0
-0.805312   54183.3  66788.9  108.889  0  1671.11  0  0  0  0  0  0  0  0  0  0
-0.805625   54200  66818.9  108.889  0  1617.78  0  0  0  0  0  0  0  0  0  0
-0.805937   54258.9  66223.3  97.7778  0  1693.33  0  0  0  0  0  0  0  0  0  0
-0.80625   54578.9  66835.6  120  0  1657.78  0  0  0  0  0  0  0  0  0  0
-0.806562   54243.3  66837.8  98.8889  0  1673.33  0  0  0  0  0  0  0  0  0  0
-0.806875   53863.3  66425.6  116.667  0  1674.44  0  0  0  0  0  0  0  0  0  0
-0.807187   54353.3  66328.9  110  0  1556.67  0  1.11111  0  0  0  0  0  0  0  0
-0.8075   54150  66407.8  105.556  0  1604.44  0  0  0  0  0  0  0  0  0  0
-0.807813   54032.2  66777.8  100  0  1644.44  0  0  0  0  0  0  0  0  0  0
-0.808125   54417.8  66562.2  114.444  0  1625.56  0  0  0  0  0  0  0  0  0  0
-0.808438   54194.4  66891.1  102.222  0  1675.56  1.11111  1.11111  0  0  0  1.11111  0  0  0  0
-0.80875   54234.4  66345.6  98.8889  0  1552.22  0  0  0  0  0  0  0  0  0  0
-0.809063   54363.3  66814.4  107.778  0  1627.78  0  0  0  0  0  0  0  0  0  0
-0.809375   54203.3  66855.6  110  0  1644.44  0  0  0  0  0  0  0  0  0  0
-0.809688   54533.3  66652.2  102.222  0  1684.44  0  0  0  0  0  0  0  0  0  0
-0.81   54754.4  66345.6  100  0  1616.67  0  0  0  0  0  0  0  0  0  0
-0.810312   54630  66512.2  103.333  0  1700  0  1.11111  0  0  0  0  0  0  0  0
-0.810625   54426.7  66913.3  125.556  0  1600  1.11111  0  0  0  0  0  0  0  0  0
-0.810937   54091.1  66498.9  110  0  1632.22  0  0  0  0  0  0  0  0  0  0
-0.81125   54171.1  66707.8  115.556  0  1597.78  0  1.11111  0  0  0  0  0  0  0  0
-0.811562   54295.6  66911.1  104.444  0  1687.78  0  0  0  0  0  0  0  0  0  0
-0.811875   54235.6  66544.4  111.111  0  1707.78  1.11111  0  0  0  0  0  0  0  0  0
-0.812187   53844.4  66761.1  103.333  0  1664.44  0  0  0  0  0  0  0  0  0  0
-0.8125   53836.7  66622.2  117.778  0  1587.78  0  1.11111  0  0  0  0  0  0  0  0
-0.812813   53916.7  66824.4  121.111  0  1721.11  0  1.11111  0  0  0  0  0  0  0  0
-0.813125   53883.3  66658.9  97.7778  0  1665.56  1.11111  1.11111  0  0  0  0  0  0  0  0
-0.813438   54095.6  66688.9  98.8889  0  1610  0  0  0  0  0  0  0  0  0  0
-0.81375   54612.2  66726.7  113.333  0  1698.89  0  0  0  0  0  0  0  0  0  0
-0.814063   54311.1  66970  100  0  1698.89  0  2.22222  0  0  0  0  0  0  0  0
-0.814375   54167.8  67094.4  105.556  0  1653.33  0  0  0  0  0  0  0  0  0  0
-0.814688   54623.3  66337.8  102.222  0  1564.44  0  1.11111  0  0  0  0  0  0  0  0
-0.815   54420  66940  115.556  0  1635.56  1.11111  0  0  0  0  0  0  0  0  0
-0.815312   54364.4  66821.1  106.667  0  1624.44  0  0  0  0  0  0  0  0  0  0
-0.815625   54153.3  66245.6  106.667  0  1680  0  0  0  0  0  0  0  0  0  0
-0.815937   54052.2  66967.8  101.111  0  1722.22  1.11111  0  0  0  0  0  0  0  0  0
-0.81625   54078.9  66985.6  113.333  0  1607.78  0  0  0  0  0  0  0  0  0  0
-0.816562   53754.4  66747.8  111.111  0  1710  0  1.11111  0  0  0  0  0  0  0  0
-0.816875   54255.6  66648.9  116.667  0  1645.56  0  1.11111  0  0  0  0  0  0  0  0
-0.817187   54747.8  66610  98.8889  0  1670  0  0  0  0  0  0  0  0  0  0
-0.8175   54222.2  66497.8  101.111  0  1636.67  0  0  0  0  0  0  0  0  0  0
-0.817813   54665.6  66404.4  112.222  0  1586.67  0  0  0  0  0  0  0  0  0  0
-0.818125   54021.1  66352.2  110  0  1498.89  1.11111  1.11111  0  0  0  0  0  0  0  0
-0.818438   53801.1  66698.9  116.667  0  1606.67  0  0  0  0  0  0  0  0  0  0
-0.81875   54250  66100  117.778  0  1472.22  0  0  0  0  0  0  0  0  0  0
-0.819063   54016.7  66332.2  112.222  0  1498.89  0  0  0  0  0  0  0  0  0  0
-0.819375   54097.8  65958.9  125.556  0  1416.67  0  0  0  0  0  0  0  0  0  0
-0.819688   53818.9  66444.4  105.556  0  1267.78  0  0  0  0  0  0  0  0  0  0
-0.82   54055.6  66373.3  97.7778  0  1190  0  1.11111  0  0  0  0  0  0  0  0
-0.820312   54021.1  66070  104.444  0  1043.33  0  1.11111  0  0  0  0  0  0  0  0
-0.820625   54131.1  66157.8  114.444  0  921.111  0  0  0  0  0  0  0  0  0  0
-0.820937   54087.8  65906.7  90  0  838.889  1.11111  1.11111  0  0  0  0  0  0  0  0
-0.82125   53746.7  66165.6  100  0  728.889  1.11111  0  0  0  0  0  0  0  0  0
-0.821562   53604.4  65811.1  97.7778  0  656.667  0  0  0  0  0  0  0  0  0  0
-0.821875   53491.1  66272.2  98.8889  0  557.778  0  0  0  0  0  0  0  0  0  0
-0.822187   53656.7  66061.1  117.778  0  530  0  0  0  0  0  0  0  0  0  0
-0.8225   53537.8  65575.6  97.7778  0  463.333  0  0  0  0  0  0  0  0  0  0
-0.822812   53717.8  65883.3  106.667  0  406.667  0  0  0  0  0  0  0  0  0  0
-0.823125   53398.9  66142.2  112.222  0  402.222  0  0  0  0  0  0  0  0  0  0
-0.823438   53433.3  65403.3  107.778  0  414.444  0  0  0  0  0  0  0  0  0  0
-0.82375   54168.9  65214.4  108.889  0  420  0  0  0  0  0  0  0  0  0  0
-0.824063   53764.4  65714.4  111.111  0  462.222  0  0  0  0  0  0  0  0  0  0
-0.824375   54002.2  65445.6  121.111  0  478.889  0  0  0  0  0  0  0  0  0  0
-0.824688   53705.6  65727.8  88.8889  0  560  0  1.11111  0  0  0  0  0  0  0  0
-0.825   53828.9  66531.1  114.444  0  598.889  0  0  0  0  0  0  0  0  0  0
-0.825313   53558.9  65914.4  106.667  0  678.889  2.22222  1.11111  0  0  0  0  0  0  0  0
-0.825625   53713.3  66130  111.111  0  792.222  0  0  0  0  0  0  0  0  0  0
-0.825937   53860  66218.9  117.778  0  820  1.11111  0  0  0  0  0  0  0  0  0
-0.82625   53752.2  66026.7  118.889  0  888.889  0  1.11111  0  0  0  0  0  0  0  0
-0.826562   53906.7  66631.1  123.333  0  955.556  0  0  0  0  0  0  0  0  0  0
-0.826875   54075.6  66311.1  98.8889  0  1063.33  0  0  0  0  0  0  0  0  0  0
-0.827187   53897.8  66598.9  103.333  0  1146.67  0  0  0  0  0  0  0  0  0  0
-0.8275   54394.4  66318.9  108.889  0  1173.33  0  0  0  0  0  0  0  0  0  0
-0.827812   53694.4  67108.9  118.889  0  1251.11  0  0  0  0  0  0  0  0  0  0
-0.828125   53846.7  65955.6  96.6667  0  1276.67  0  0  0  0  0  0  0  0  0  0
-0.828438   54034.4  66571.1  103.333  0  1264.44  0  0  0  0  0  0  0  0  0  0
-0.82875   54255.6  66715.6  110  0  1442.22  0  0  0  0  0  0  0  0  0  0
-0.829063   53705.6  66697.8  110  0  1486.67  0  0  0  0  0  0  0  0  0  0
-0.829375   54174.4  66462.2  114.444  0  1615.56  0  0  0  0  0  0  0  0  0  0
-0.829688   54284.4  66313.3  107.778  0  1506.67  0  0  0  0  0  0  0  0  0  0
-0.83   54084.4  66786.7  92.2222  0  1597.78  0  0  0  0  0  0  0  0  0  0
-0.830313   54417.8  66890  106.667  0  1564.44  0  0  0  0  0  0  0  0  0  0
-0.830625   54308.9  66874.4  121.111  0  1651.11  0  1.11111  0  0  0  0  0  0  0  0
-0.830937   54157.8  66303.3  107.778  0  1605.56  0  0  0  0  0  0  0  0  0  0
-0.83125   53853.3  67096.7  104.444  0  1572.22  0  0  0  0  0  0  0  0  0  0
-0.831562   53773.3  66867.8  105.556  0  1650  0  0  0  0  0  0  0  0  0  0
-0.831875   54148.9  66920  104.444  0  1650  1.11111  0  0  0  0  0  0  0  0  0
-0.832187   54276.7  66270  134.444  0  1658.89  0  0  0  0  0  0  0  0  0  0
-0.8325   54610  66286.7  104.444  0  1680  0  0  0  0  0  0  0  0  0  0
-0.832812   54665.6  66653.3  105.556  0  1740  0  0  0  0  0  0  0  0  0  0
-0.833125   54303.3  66832.2  103.333  0  1724.44  0  1.11111  0  0  0  0  0  0  0  0
-0.833438   54150  66400  111.111  0  1641.11  1.11111  1.11111  0  0  0  0  0  0  0  0
-0.83375   54018.9  66914.4  107.778  0  1661.11  0  0  0  0  0  0  0  0  0  0
-0.834063   54086.7  66566.7  93.3333  0  1647.78  0  2.22222  0  0  0  0  0  0  0  0
-0.834375   54542.2  66926.7  103.333  0  1672.22  0  1.11111  0  0  0  0  0  0  0  0
-0.834688   54131.1  67082.2  115.556  0  1642.22  0  0  0  0  0  0  0  0  0  0
-0.835   54212.2  66615.6  113.333  0  1700  0  0  0  0  0  0  0  0  0  0
-0.835313   54181.1  66237.8  118.889  0  1607.78  0  0  0  0  0  0  0  0  0  0
-0.835625   53867.8  66851.1  83.3333  0  1676.67  0  0  0  0  0  0  0  0  0  0
-0.835938   54165.6  66963.3  105.556  0  1722.22  0  0  0  0  0  0  0  0  0  0
-0.83625   54422.2  66551.1  108.889  0  1626.67  0  0  0  0  0  0  0  0  0  0
-0.836562   54217.8  66671.1  94.4444  0  1680  0  0  0  0  0  0  0  0  0  0
-0.836875   54351.1  66888.9  98.8889  0  1717.78  0  0  0  0  0  0  0  0  0  0
-0.837187   54393.3  66730  101.111  0  1664.44  0  0  0  0  0  0  0  0  0  0
-0.8375   54102.2  66385.6  96.6667  0  1661.11  0  0  0  0  0  0  0  0  0  0
-0.837812   54242.2  66781.1  106.667  0  1757.78  0  0  0  0  0  0  0  0  0  0
-0.838125   54708.9  66616.7  100  0  1645.56  1.11111  0  0  0  0  0  0  0  0  0
-0.838437   54554.4  66621.1  100  0  1663.33  0  1.11111  0  0  0  0  0  0  0  0
-0.83875   54544.4  66806.7  128.889  0  1725.56  1.11111  0  0  0  0  0  0  0  0  0
-0.839063   54020  66787.8  112.222  0  1613.33  0  0  0  0  0  0  0  0  0  0
-0.839375   54374.4  67123.3  103.333  0  1661.11  1.11111  0  0  0  0  0  0  0  0  0
-0.839688   54692.2  66582.2  103.333  0  1753.33  0  0  0  0  0  0  0  0  0  0
-0.84   54423.3  66794.4  122.222  0  1615.56  0  0  0  0  0  0  0  0  0  0
-0.840313   53858.9  67022.2  125.556  0  1593.33  0  0  0  0  0  0  0  0  0  0
-0.840625   54491.1  66937.8  101.111  0  1671.11  0  0  0  0  0  0  0  0  0  0
-0.840938   54738.9  66770  105.556  0  1793.33  0  1.11111  0  0  0  0  0  0  0  0
-0.84125   54517.8  67250  124.444  0  1750  0  0  0  0  0  0  0  0  0  0
-0.841562   54406.7  66492.2  108.889  0  1608.89  0  0  0  0  0  0  0  0  0  0
-0.841875   54258.9  66793.3  116.667  0  1705.56  0  0  0  0  0  0  0  0  0  0
-0.842187   54093.3  66288.9  102.222  0  1688.89  0  0  0  0  0  0  0  0  0  0
-0.8425   54825.6  66701.1  125.556  0  1635.56  0  0  0  0  0  0  0  0  0  0
-0.842812   54400  66973.3  108.889  0  1691.11  0  0  0  0  0  0  0  0  0  0
-0.843125   54538.9  66495.6  105.556  0  1685.56  0  0  0  0  0  0  0  0  0  0
-0.843437   53921.1  66868.9  113.333  0  1600  0  0  0  0  0  0  0  0  0  0
-0.84375   54338.9  66731.1  98.8889  0  1685.56  0  0  0  0  0  0  0  0  0  0
-0.844063   53925.6  66471.1  104.444  0  1566.67  0  0  0  0  0  0  0  0  0  0
-0.844375   54242.2  66642.2  104.444  0  1618.89  0  0  0  0  0  0  0  0  0  0
-0.844688   54082.2  66368.9  103.333  0  1628.89  0  0  0  0  0  0  0  0  0  0
-0.845   53981.1  66545.6  115.556  0  1633.33  0  0  0  0  0  0  0  0  0  0
-0.845313   54107.8  66546.7  105.556  0  1564.44  0  0  0  0  0  0  0  0  0  0
-0.845625   54290  66486.7  98.8889  0  1590  0  0  0  0  0  0  0  0  0  0
-0.845938   54010  66188.9  94.4444  0  1640  0  0  0  0  0  0  0  0  0  0
-0.84625   53873.3  66462.2  113.333  0  1624.44  0  0  0  0  0  0  0  0  0  0
-0.846562   53712.2  66440  110  0  1648.89  0  0  0  0  0  0  0  0  0  0
-0.846875   54038.9  65971.1  116.667  0  1562.22  0  0  0  0  0  0  0  0  0  0
-0.847187   53461.1  66150  95.5556  0  1575.56  0  1.11111  0  0  0  0  0  0  0  0
-0.8475   53790  66346.7  103.333  0  1550  0  0  0  0  0  0  0  0  0  0
3.03388e-294   0  0  0  0  0  0  0  0  0  0  0  0  0  0  0
3.03388e-294   0  0  0  0  0  0  0  0  0  0  0  0  0  0  0
3.03388e-294   0  0  0  0  0  0  0  0  0  0  0  0  0  0  0
3.03389e-294   0  0  0  0  0  0  0  0  0  0  0  0  0  0  0
3.03389e-294   0  0  0  0  0  0  0  0  0  0  0  0  0  0  0
3.03389e-294   0  0  0  0  0  0  0  0  0  0  0  0  0  0  0
3.03389e-294   0  0  0  0  0  0  0  0  0  0  0  0  0  0  0
3.03389e-294   0  0  0  0  0  0  0  0  0  0  0  0  0  0  0
3.03389e-294   0  0  0  0  0  0  0  0  0  0  0  0  0  0  0
3.0339e-294   0  0  0  0  0  0  0  0  0  0  0  0  0  0  0
3.0339e-294   0  0  0  0  0  0  0  0  0  0  0  0  0  0  0
3.0339e-294   0  0  0  0  0  0  0  0  0  0  0  0  0  0  0
3.0339e-294   0  0  0  0  0  0  0  0  0  0  0  0  0  0  0
3.0339e-294   0  0  0  0  0  0  0  0  0  0  0  0  0  0  0
3.0339e-294   0  0  0  0  0  0  0  0  0  0  0  0  0  0  0
3.0339e-294   0  0  0  0  0  0  0  0  0  0  0  0  0  0  0
3.03391e-294   0  0  0  0  0  0  0  0  0  0  0  0  0  0  0
3.03391e-294   0  0  0  0  0  0  0  0  0  0  0  0  0  0  0
3.03391e-294   0  0  0  0  0  0  0  0  0  0  0  0  0  0  0
3.03391e-294   0  0  0  0  0  0  0  0  0  0  0  0  0  0  0
3.03391e-294   0  0  0  0  0  0  0  0  0  0  0  0  0  0  0
3.03391e-294   0  0  0  0  0  0  0  0  0  0  0  0  0  0  0
3.03391e-294   0  0  0  0  0  0  0  0  0  0  0  0  0  0  0
3.03392e-294   0  0  0  0  0  0  0  0  0  0  0  0  0  0  0
3.03392e-294   0  0  0  0  0  0  0  0  0  0  0  0  0  0  0
3.03392e-294   0  0  0  0  0  0  0  0  0  0  0  0  0  0  0
3.03392e-294   0  0  0  0  0  0  0  0  0  0  0  0  0  0  0
3.03392e-294   0  0  0  0  0  0  0  0  0  0  0  0  0  0  0
3.03392e-294   0  0  0  0  0  0  0  0  0  0  0  0  0  0  0
3.03393e-294   0  0  0  0  0  0  0  0  0  0  0  0  0  0  0
3.03393e-294   0  0  0  0  0  0  0  0  0  0  0  0  0  0  0
2.34493e-295   0  0  0  0  0  0  0  0  0  0  0  0  0  0  0
0   0  0  0  0  0  0  0  0  0  0  0  0  0  0  0
2.56549e-311   0  0  0  0  0  0  0  0  0  0  0  0  0  0  0
2.13614e-293   0  0  0  0  0  0  0  0  0  0  0  0  0  0  0
0   0  0  0  0  0  0  0  0  0  0  0  0  0  0  0
3.43597e+11   0  0  0  0  0  0  0  0  0  0  0  0  0  0  0
2.06158e+11   0  0  0  0  0  0  0  0  0  0  0  0  0  0  0
3.57341e+12   0  0  0  0  0  0  0  0  0  0  0  0  0  0  0
8.38861e+06   0  0  0  0  0  0  0  0  0  0  0  0  0  0  0
3.00648e+10   0  0  0  0  0  0  0  0  0  0  0  0  0  0  0
1.37439e+11   0  0  0  0  0  0  0  0  0  0  0  0  0  0  0
6.87195e+10   0  0  0  0  0  0  0  0  0  0  0  0  0  0  0
3.43597e+10   0  0  0  0  0  0  0  0  0  0  0  0  0  0  0
5.49756e+11   0  0  0  0  0  0  0  0  0  0  0  0  0  0  0
1.37439e+11   0  0  0  0  0  0  0  0  0  0  0  0  0  0  0
6.87195e+10   0  0  0  0  0  0  0  0  0  0  0  0  0  0  0
4.81036e+11   0  0  0  0  0  0  0  0  0  0  0  0  0  0  0
3.22123e+09   0  0  0  0  0  0  0  0  0  0  0  0  0  0  0
1.71799e+11   0  0  0  0  0  0  0  0  0  0  0  0  0  0  0
2.74878e+11   0  0  0  0  0  0  0  0  0  0  0  0  0  0  0
1.37439e+12   0  0  0  0  0  0  0  0  0  0  0  0  0  0  0
6.01296e+10   0  0  0  0  0  0  0  0  0  0  0  0  0  0  0
5.15396e+10   0  0  0  0  0  0  0  0  0  0  0  0  0  0  0
2.19902e+12   0  0  0  0  0  0  0  0  0  0  0  0  0  0  0
2.57698e+10   0  0  0  0  0  0  0  0  0  0  0  0  0  0  0
1.07374e+10   0  0  0  0  0  0  0  0  0  0  0  0  0  0  0
6.87195e+10   0  0  0  0  0  0  0  0  0  0  0  0  0  0  0
2.19902e+12   0  0  0  0  0  0  0  0  0  0  0  0  0  0  0
4.29497e+10   0  0  0  0  0  0  0  0  0  0  0  0  0  0  0
8.24634e+11   0  0  0  0  0  0  0  0  0  0  0  0  0  0  0
1.71799e+11   0  0  0  0  0  0  0  0  0  0  0  0  0  0  0
5.15396e+10   0  0  0  0  0  0  0  0  0  0  0  0  0  0  0
8.05307e+08   0  0  0  0  0  0  0  0  0  0  0  0  0  0  0
1.37439e+11   0  0  0  0  0  0  0  0  0  0  0  0  0  0  0
8.58994e+10   0  0  0  0  0  0  0  0  0  0  0  0  0  0  0
4.02653e+08   0  0  0  0  0  0  0  0  0  0  0  0  0  0  0
1.09951e+12   0  0  0  0  0  0  0  0  0  0  0  0  0  0  0
2.4739e+12   0  0  0  0  0  0  0  0  0  0  0  0  0  0  0
1.03079e+11   0  0  0  0  0  0  0  0  0  0  0  0  0  0  0
2.01327e+08   0  0  0  0  0  0  0  0  0  0  0  0  0  0  0
2.74878e+11   0  0  0  0  0  0  0  0  0  0  0  0  0  0  0
6.01296e+10   0  0  0  0  0  0  0  0  0  0  0  0  0  0  0
1.37439e+11   0  0  0  0  0  0  0  0  0  0  0  0  0  0  0
2.74878e+12   0  0  0  0  0  0  0  0  0  0  0  0  0  0  0
9.62073e+11   0  0  0  0  0  0  0  0  0  0  0  0  0  0  0
1.07374e+09   0  0  0  0  0  0  0  0  0  0  0  0  0  0  0
4.02653e+08   0  0  0  0  0  0  0  0  0  0  0  0  0  0  0
3.43597e+11   0  0  0  0  0  0  0  0  0  0  0  0  0  0  0
1.03079e+11   0  0  0  0  0  0  0  0  0  0  0  0  0  0  0
2.19902e+12   0  0  0  0  0  0  0  0  0  0  0  0  0  0  0
3.00648e+10   0  0  0  0  0  0  0  0  0  0  0  0  0  0  0
1.61061e+09   0  0  0  0  0  0  0  0  0  0  0  0  0  0  0
3.29854e+12   0  0  0  0  0  0  0  0  0  0  0  0  0  0  0
5.49756e+11   0  0  0  0  0  0  0  0  0  0  0  0  0  0  0
1.50324e+10   0  0  0  0  0  0  0  0  0  0  0  0  0  0  0
4.29497e+10   0  0  0  0  0  0  0  0  0  0  0  0  0  0  0
1.37439e+11   0  0  0  0  0  0  0  0  0  0  0  0  0  0  0
1.28849e+10   0  0  0  0  0  0  0  0  0  0  0  0  0  0  0
2.68436e+08   0  0  0  0  0  0  0  0  0  0  0  0  0  0  0
3.43597e+10   0  0  0  0  0  0  0  0  0  0  0  0  0  0  0
2.40518e+11   0  0  0  0  0  0  0  0  0  0  0  0  0  0  0
5.15396e+10   0  0  0  0  0  0  0  0  0  0  0  0  0  0  0
6.01296e+10   0  0  0  0  0  0  0  0  0  0  0  0  0  0  0
6.87195e+10   0  0  0  0  0  0  0  0  0  0  0  0  0  0  0
1.50324e+10   0  0  0  0  0  0  0  0  0  0  0  0  0  0  0
6.87195e+11   0  0  0  0  0  0  0  0  0  0  0  0  0  0  0
5.49756e+11   0  0  0  0  0  0  0  0  0  0  0  0  0  0  0
8.58994e+10   0  0  0  0  0  0  0  0  0  0  0  0  0  0  0
6.44245e+09   0  0  0  0  0  0  0  0  0  0  0  0  0  0  0
4.29497e+10   0  0  0  0  0  0  0  0  0  0  0  0  0  0  0
2.40518e+11   0  0  0  0  0  0  0  0  0  0  0  0  0  0  0
2.06158e+11   0  0  0  0  0  0  0  0  0  0  0  0  0  0  0
3.29854e+12   0  0  0  0  0  0  0  0  0  0  0  0  0  0  0
3.07863e+13   0  0  0  0  0  0  0  0  0  0  0  0  0  0  0
6.59707e+13   0  0  0  0  0  0  0  0  0  0  0  0  0  0  0
3.51844e+13   0  0  0  0  0  0  0  0  0  0  0  0  0  0  0
4.22213e+14   0  0  0  0  0  0  0  0  0  0  0  0  0  0  0
1.26664e+15   0  0  0  0  0  0  0  0  0  0  0  0  0  0  0
1.68885e+15   0  0  0  0  0  0  0  0  0  0  0  0  0  0  0
3.23696e+15   0  0  0  0  0  0  0  0  0  0  0  0  0  0  0
1.33716e-293   0  0  0  0  0  0  0  0  0  0  0  0  0  0  0
8.70655e-311   0  0  0  0  0  0  0  0  0  0  0  0  0  0  0
0.0078125   0  0  0  0  0  0  0  0  0  0  0  0  0  0  0
1.07374e+09   0  0  0  0  0  0  0  0  0  0  0  0  0  0  0
1.75922e+13   0  0  0  0  0  0  0  0  0  0  0  0  0  0  0
1.15704e-311   0  0  0  0  0  0  0  0  0  0  0  0  0  0  0
2.50099e+252   0  0  0  0  0  0  0  0  0  0  0  0  0  0  0
0   0  0  0  0  0  0  0  0  0  0  0  0  0  0  0
2.14748e+10   0  0  0  0  0  0  0  0  0  0  0  0  0  0  0
6.87195e+10   0  0  0  0  0  0  0  0  0  0  0  0  0  0  0
2.14748e+10   0  0  0  0  0  0  0  0  0  0  0  0  0  0  0
5.49756e+11   0  0  0  0  0  0  0  0  0  0  0  0  0  0  0
8.38861e+06   0  0  0  0  0  0  0  0  0  0  0  0  0  0  0
2.14748e+10   0  0  0  0  0  0  0  0  0  0  0  0  0  0  0
1.50324e+10   0  0  0  0  0  0  0  0  0  0  0  0  0  0  0
6.01296e+10   0  0  0  0  0  0  0  0  0  0  0  0  0  0  0
2.57698e+10   0  0  0  0  0  0  0  0  0  0  0  0  0  0  0
